2.308710826225838844e+02
2.732647038790798888e+02
2.312629195720567168e+02
2.464232765120841009e+02
2.490514027537224706e+02
2.691270991803352217e+02
2.627164026686765510e+02
2.515226639125314705e+02
2.451859082536492735e+02
2.525551198168521410e+02
2.686342222478927511e+02
2.672438585016179786e+02
2.702600555410657535e+02
2.333470843681110978e+02
2.578658821072623368e+02
2.375521415911530312e+02
2.434210386511715569e+02
2.437452821949007955e+02
2.334674341644141293e+02
2.566447786301895349e+02
2.578855008293452329e+02
2.587489803542379718e+02
2.493793422179140009e+02
2.391079702535662932e+02
2.613975770689399951e+02
2.398810528644946487e+02
2.708305936896416029e+02
2.515579502804931735e+02
2.710325714734419762e+02
2.615748419915076397e+02
2.439172947034924732e+02
2.404703660515098989e+02
2.457327580943423015e+02
2.561581425780072436e+02
2.537764450836984906e+02
2.570973294952513015e+02
2.439032434585088538e+02
2.416872583199275937e+02
2.379321377883852051e+02
2.315729994924845130e+02
2.658758747179265356e+02
2.659272574794139246e+02
2.834182385004611433e+02
2.418412582842293830e+02
2.470015272205487804e+02
2.680159669975466841e+02
2.508543543015974819e+02
2.509680342914442406e+02
2.546481272285393231e+02
2.303577676047131035e+02
2.553484683084382709e+02
2.467597057576571160e+02
2.228947489200855330e+02
2.297438924737887191e+02
2.462435390872343532e+02
2.728530548451982440e+02
2.340040438537618002e+02
2.516435818849489578e+02
2.510067018885161190e+02
2.497192568376995325e+02
2.347547977274901427e+02
2.255292481982917252e+02
2.473653016789292565e+02
2.469787736743759012e+02
2.215086005986071314e+02
2.477903694877551857e+02
2.440047261480936527e+02
2.693186509227025454e+02
2.724048257463515483e+02
2.678325669137322507e+02
2.505625155979053886e+02
2.364557354787970667e+02
2.501654747824475180e+02
2.897345836428095254e+02
2.446485629059538667e+02
2.442861066415379128e+02
2.438969070788715499e+02
2.702556046941551813e+02
2.477903929716451898e+02
2.520770594280879209e+02
2.486353690559585914e+02
2.527272908349789304e+02
2.620268305981072672e+02
2.752266212244326198e+02
2.492609111717790711e+02
2.633540519286526660e+02
2.478806502488218939e+02
2.432180661257277166e+02
2.305127221560943553e+02
2.602785802899417149e+02
2.442359484926801940e+02
2.658123570010217804e+02
2.355680203635199064e+02
2.529641458287241846e+02
2.624947499388022152e+02
2.398329376354232636e+02
2.379975204361202827e+02
2.585426668598439619e+02
2.622246905852028931e+02
2.635207138549255319e+02
